--- 5-Day Ahead Hyperparameter Tuning Final Summary ---
ticker  best_accuracy  hidden_channels  num_layers     lr  weight_decay  dropout_rate
   JPM        67.4948              128           3 0.0003        0.0000        0.3893
   HYG        66.8737               64           4 0.0006        0.0005        0.2766
   SHY        66.6667              128           3 0.0012        0.0000        0.2674
    GE        66.0455              128           3 0.0004        0.0000        0.4319
   WMT        65.4244               32           2 0.0014        0.0001        0.4414
    MS        64.3892               32           2 0.0013        0.0001        0.3197
   XLC        64.3892              128           2 0.0013        0.0000        0.2009
  ARKF        63.9752               32           2 0.0005        0.0000        0.4615
   EMB        63.7681               16           4 0.0041        0.0000        0.2761
  COST        63.7681              128           2 0.0002        0.0000        0.4492
   XLU        62.9400               64           4 0.0005        0.0006        0.3011
   IBM        62.7329               32           3 0.0027        0.0001        0.4651
  AMZN        62.7329               64           2 0.0049        0.0007        0.2493
   XLI        62.5259               16           4 0.0004        0.0000        0.2046
    GS        62.5259               32           3 0.0001        0.0009        0.5860
   BAC        62.5259              128           4 0.0002        0.0000        0.2134
    SO        62.3188               16           2 0.0051        0.0001        0.3244
   XLF        61.9048               32           4 0.0018        0.0000        0.2249
   RTX        61.9048               16           2 0.0019        0.0001        0.4246
   AIQ        61.6977               16           2 0.0092        0.0000        0.4785
  ABBV        61.4907               16           4 0.0019        0.0000        0.5556
  NVDA        61.4907               64           2 0.0006        0.0000        0.5444
   AXP        61.4907               32           2 0.0002        0.0007        0.3877
   BLK        61.2836               32           4 0.0003        0.0009        0.4503
   NEM        61.2836               64           4 0.0010        0.0000        0.2590
  CHAT        61.0766               64           3 0.0003        0.0001        0.4837
   SLB        61.0766               32           4 0.0001        0.0002        0.2680
     V        61.0766               16           2 0.0005        0.0009        0.2864
    MA        61.0766               64           2 0.0070        0.0002        0.5813
   DUK        60.8696               64           2 0.0016        0.0001        0.3534
     T        60.8696               32           2 0.0083        0.0008        0.2545
   CVX        60.6625              128           3 0.0001        0.0001        0.5998
  SKYY        60.4555               64           2 0.0006        0.0004        0.3441
   XLY        60.4555               64           3 0.0013        0.0004        0.2312
  BLOK        60.4555               32           2 0.0001        0.0001        0.5513
   XLK        60.2484               64           4 0.0007        0.0000        0.3354
  FINX        60.2484               64           4 0.0015        0.0000        0.2936
  FSLR        59.8344               16           2 0.0038        0.0009        0.3677
   LMT        59.8344               16           4 0.0009        0.0007        0.3613
  META        59.8344               16           3 0.0053        0.0009        0.5612
  SCHW        59.6273               64           4 0.0014        0.0002        0.5831
  TMUS        59.6273               32           3 0.0046        0.0002        0.4589
 GOOGL        59.6273               16           4 0.0003        0.0002        0.2757
  MSFT        59.4203              128           4 0.0017        0.0001        0.5794
  IPAY        59.4203               64           3 0.0042        0.0001        0.2104
  CRWD        59.4203               32           4 0.0006        0.0001        0.2809
    ZS        59.2133              128           2 0.0056        0.0002        0.2484
   CAT        59.2133               32           4 0.0085        0.0003        0.5483
  NFLX        59.2133               16           3 0.0031        0.0007        0.2175
  ORCL        59.0062              128           2 0.0005        0.0001        0.4486
   WFC        59.0062               32           4 0.0037        0.0005        0.5523
    HD        59.0062              128           2 0.0019        0.0003        0.3631
    PM        59.0062               16           2 0.0021        0.0001        0.4422
  IRBO        58.5921               32           2 0.0006        0.0001        0.2519
   FCX        58.5921              128           2 0.0002        0.0000        0.2649
   ADP        58.3851               32           4 0.0025        0.0001        0.2485
   PLD        58.3851               32           2 0.0014        0.0005        0.3982
  EQIX        58.3851               16           2 0.0019        0.0001        0.2715
  QCOM        58.3851               16           3 0.0057        0.0001        0.3180
   JNJ        58.1781               32           2 0.0001        0.0000        0.2966
   NEE        58.1781               64           4 0.0052        0.0002        0.3320
  SBUX        58.1781               16           2 0.0004        0.0000        0.2698
    DD        58.1781               32           2 0.0026        0.0001        0.2938
  CSCO        57.9710              128           3 0.0003        0.0001        0.5023
   TLT        57.7640              128           3 0.0002        0.0003        0.5883
  HACK        57.7640              128           2 0.0058        0.0000        0.5866
   ACN        57.7640               64           2 0.0097        0.0001        0.5363
   TXN        57.7640              128           2 0.0016        0.0000        0.5685
   LLY        57.7640               32           2 0.0017        0.0001        0.4621
  AVGO        57.7640               16           3 0.0009        0.0006        0.4705
   XLP        57.5569               32           3 0.0039        0.0000        0.4937
   EOG        57.5569               16           3 0.0013        0.0000        0.4274
   LQD        57.5569              128           4 0.0002        0.0000        0.3032
   NKE        57.5569               16           2 0.0002        0.0006        0.2358
  XLRE        57.3499               64           4 0.0008        0.0001        0.3220
   COF        57.3499               16           3 0.0010        0.0007        0.2693
   PFE        57.1429              128           3 0.0002        0.0002        0.5983
   BUG        56.7288              128           2 0.0095        0.0000        0.5634
  ARKG        56.5217              128           3 0.0002        0.0004        0.5064
   XLV        56.5217               32           2 0.0003        0.0000        0.3898
  RKLB        56.5217               32           3 0.0002        0.0002        0.5546
   IEF        56.5217               32           2 0.0029        0.0001        0.5155
   ABT        56.3147               64           4 0.0013        0.0000        0.4060
  DRIV        56.3147              128           3 0.0028        0.0003        0.5403
  INTC        56.1077               16           2 0.0005        0.0000        0.3433
   LIN        56.1077               32           3 0.0012        0.0001        0.2032
   MMM        56.1077               16           4 0.0010        0.0001        0.2674
 BRK-B        56.1077              128           3 0.0097        0.0000        0.5813
  PANW        55.9006               64           4 0.0025        0.0001        0.2377
  CLOU        55.9006              128           3 0.0002        0.0000        0.2021
  AAPL        55.6936               32           2 0.0040        0.0006        0.4787
   MCD        55.6936               32           4 0.0064        0.0000        0.4222
   AMD        55.6936               64           2 0.0012        0.0001        0.4253
  KARS        55.6936               64           2 0.0034        0.0001        0.2587
  BITO        55.6936               32           3 0.0001        0.0000        0.5775
  PYPL        55.6936               64           4 0.0009        0.0003        0.5164
   XLB        55.4865               64           3 0.0002        0.0001        0.5734
   HON        55.4865               32           4 0.0099        0.0006        0.4346
   APD        55.2795               32           3 0.0091        0.0000        0.2127
  TSLA        55.2795              128           4 0.0007        0.0001        0.3438
   MPC        55.2795               32           2 0.0001        0.0000        0.3422
   UNH        55.2795               64           2 0.0002        0.0003        0.4143
   TMO        55.0725               64           2 0.0005        0.0002        0.5222
  IDNA        55.0725               32           2 0.0002        0.0000        0.3737
    VZ        55.0725              128           3 0.0007        0.0000        0.2058
   UNP        55.0725               64           4 0.0098        0.0000        0.2969
  ENPH        55.0725               16           3 0.0010        0.0000        0.4529
   CRM        54.8654               32           3 0.0038        0.0000        0.5978
   DOW        54.6584               16           2 0.0010        0.0006        0.5546
  ICLN        54.6584               32           2 0.0014        0.0000        0.4194
  WCLD        54.6584               32           2 0.0060        0.0000        0.2518
    BA        54.6584               32           2 0.0018        0.0000        0.2669
   TGT        54.4513               16           4 0.0017        0.0004        0.4262
  AMGN        54.4513               32           3 0.0017        0.0004        0.3666
   UPS        54.2443              128           3 0.0099        0.0000        0.3040
   PSX        54.0373               32           4 0.0004        0.0006        0.4652
   XOM        54.0373               16           4 0.0065        0.0002        0.2717
  ROKU        54.0373              128           3 0.0011        0.0004        0.4049
  COIN        53.8302              128           2 0.0002        0.0005        0.3715
  ADBE        53.6232               64           2 0.0004        0.0000        0.5377
    KO        53.6232               64           4 0.0007        0.0001        0.5682
   DHR        53.6232               32           2 0.0077        0.0000        0.4790
   COP        53.4161               16           4 0.0003        0.0000        0.2668
 CMCSA        53.0021               64           3 0.0004        0.0002        0.5326
   MRK        52.7950               64           3 0.0003        0.0000        0.4937
  IDRV        52.7950               64           2 0.0097        0.0006        0.4961
  MSTR        52.1739               16           2 0.0017        0.0000        0.5842
   PBW        52.1739               16           2 0.0008        0.0001        0.2363
   PEP        51.9669               16           3 0.0001        0.0000        0.4224
   DIS        51.5528               32           2 0.0008        0.0001        0.3001
  GNOM        51.5528               64           2 0.0037        0.0000        0.3662
   TAN        51.3458              128           4 0.0030        0.0007        0.4373
    PG        51.3458               64           4 0.0006        0.0005        0.2519
  MARA        50.1035               16           4 0.0007        0.0000        0.4074
   GEV        46.9979               32           3 0.0018        0.0000        0.2154
