--- Hyperparameter Tuning Final Summary ---
ticker  best_accuracy  hidden_channels  num_layers     lr  weight_decay  dropout_rate
  CHAT        63.9344               64           2 0.0004        0.0001        0.2146
   XLK        59.9198              128           4 0.0010        0.0003        0.2420
   XLC        59.7297               64           3 0.0019        0.0000        0.4179
   GEV        59.4937              128           4 0.0001        0.0006        0.4468
    GE        59.1182               16           4 0.0001        0.0000        0.4752
    PM        59.1182              128           2 0.0022        0.0001        0.4350
   IBM        59.1182              128           2 0.0006        0.0001        0.5901
   JPM        59.1182              128           4 0.0055        0.0000        0.4187
    MS        58.7174               64           3 0.0046        0.0000        0.2359
     V        58.1162               16           3 0.0002        0.0002        0.2012
  HACK        58.1162              128           3 0.0088        0.0001        0.5957
    MA        57.9158               64           4 0.0003        0.0001        0.2526
   WMT        57.5150              128           2 0.0030        0.0003        0.3141
   AXP        57.3146              128           4 0.0016        0.0000        0.2335
   LLY        57.3146               64           2 0.0016        0.0000        0.4609
  SKYY        57.1142               16           4 0.0001        0.0003        0.5841
    GS        57.1142              128           2 0.0012        0.0009        0.3524
 GOOGL        57.1142               32           2 0.0021        0.0000        0.3136
  ARKF        57.1006               32           3 0.0038        0.0000        0.5907
   AIQ        56.9519               32           3 0.0018        0.0000        0.2968
  TMUS        56.9138               16           4 0.0026        0.0000        0.4545
  QCOM        56.9138              128           2 0.0002        0.0010        0.3106
   NEM        56.5130               32           2 0.0003        0.0000        0.5272
   CVX        56.5130               64           2 0.0021        0.0000        0.5554
   JNJ        56.5130              128           4 0.0002        0.0002        0.4032
  ORCL        56.5130              128           2 0.0001        0.0000        0.5399
   CAT        56.5130              128           2 0.0036        0.0001        0.4273
   HYG        56.3126               16           3 0.0002        0.0003        0.4803
  PANW        56.3126               16           3 0.0059        0.0002        0.2604
   XLY        56.1122               64           2 0.0048        0.0001        0.5087
   XLU        56.1122               16           3 0.0002        0.0002        0.4818
   XLF        56.1122               64           3 0.0060        0.0001        0.3814
  COST        56.1122              128           2 0.0004        0.0004        0.3680
   EMB        55.9118               64           2 0.0026        0.0000        0.5634
  IPAY        55.9118              128           2 0.0007        0.0003        0.2934
  NVDA        55.9118              128           4 0.0038        0.0003        0.4960
   SHY        55.9118              128           2 0.0001        0.0001        0.5872
   BLK        55.9118              128           2 0.0086        0.0001        0.5982
   NEE        55.9118               32           2 0.0003        0.0003        0.5140
     T        55.7114              128           4 0.0004        0.0003        0.4304
   ADP        55.7114               64           2 0.0016        0.0009        0.4446
   PSX        55.7114               64           3 0.0016        0.0000        0.2613
   COF        55.7114               16           4 0.0041        0.0003        0.3586
  MSFT        55.5110               16           3 0.0073        0.0000        0.3419
  BLOK        55.3846               64           2 0.0085        0.0001        0.5578
   RTX        55.3106              128           3 0.0026        0.0004        0.3083
   XLI        55.3106              128           4 0.0048        0.0001        0.4229
   MPC        55.3106               32           4 0.0005        0.0003        0.3080
 BRK-B        55.3106              128           3 0.0086        0.0003        0.5743
   BUG        55.1495               16           4 0.0007        0.0001        0.5367
   XLV        55.1102               64           2 0.0005        0.0001        0.4608
   MCD        55.1102               64           2 0.0002        0.0003        0.3873
